1.000000000000000021e-03 4.566753755155317688e-07
2.000000000000000042e-03 4.564463303993254400e-07
3.000000000000000062e-03 4.565337813347079576e-07
4.000000000000000083e-03 4.565698680239007972e-07
5.000000000000000104e-03 4.565108736589525569e-07
6.000000000000000125e-03 4.566050255674449103e-07
7.000000000000000146e-03 4.564400287734399970e-07
8.000000000000000167e-03 4.566864132418236249e-07
8.999999999999999320e-03 4.564136376619224265e-07
1.000000000000000021e-02 4.563875725118845683e-07
2.000000000000000042e-02 4.566106382999523085e-07
2.999999999999999889e-02 4.566996668622572124e-07
4.000000000000000083e-02 4.566515181550184679e-07
5.000000000000000278e-02 4.565686526627773923e-07
5.999999999999999778e-02 4.565508067158397272e-07
7.000000000000000666e-02 4.565484743593144651e-07
8.000000000000000167e-02 4.565992932639594235e-07
8.999999999999999667e-02 4.566172318035070832e-07
1.000000000000000056e-01 4.565593298980195210e-07
2.000000000000000111e-01 4.566156787125754804e-07
2.999999999999999889e-01 4.565371403146251327e-07
4.000000000000000222e-01 4.565182865072825699e-07
5.000000000000000000e-01 4.565689243346134101e-07
5.999999999999999778e-01 4.565922246963243538e-07
6.999999999999999556e-01 4.565435604015835948e-07
8.000000000000000444e-01 4.565227844651366568e-07
9.000000000000000222e-01 4.566524145496658032e-07
1.000000000000000000e+00 4.566010440863161788e-07
2.000000000000000000e+00 4.565436443358389492e-07
3.000000000000000000e+00 4.567644611467207222e-07
4.000000000000000000e+00 4.564530252716850262e-07
5.000000000000000000e+00 4.564140628853239317e-07
6.000000000000000000e+00 4.567314475623962030e-07
7.000000000000000000e+00 4.568028746522915598e-07
8.000000000000000000e+00 4.568203977502620216e-07
9.000000000000000000e+00 4.567914617898649022e-07
1.000000000000000000e+01 4.567786331676108356e-07
2.000000000000000000e+01 4.569208684643247376e-07
3.000000000000000000e+01 4.571353111580325384e-07
4.000000000000000000e+01 4.573015528987956770e-07
5.000000000000000000e+01 4.578380320821994490e-07
6.000000000000000000e+01 4.583822312477458069e-07
7.000000000000000000e+01 4.590064380161260530e-07
8.000000000000000000e+01 4.597660280918888189e-07
9.000000000000000000e+01 4.605925161467669787e-07
5.000000000000000000e+02 5.820030217408490529e-07
