   0.1913006180E-005     0.9110064915E-006    -0.5527394084E-012     0.1000000600E-014
   0.5391563810E-005     0.2567547300E-005    -0.4390542298E-011    -0.1847736035E-015
   0.1519533134E-004     0.7236189738E-005    -0.3487480477E-010     0.1739481296E-013
   0.4282499095E-004     0.2039322774E-004    -0.2770089512E-009     0.7509969389E-014
   0.1206871242E-003     0.5746698231E-004    -0.2200103548E-008     0.6705859982E-013
   0.3400623221E-003     0.1618929444E-003    -0.1747029663E-007     0.6279855075E-012
   0.9577890285E-003     0.4557125693E-003    -0.1386429128E-006     0.1867866139E-010
   0.2694364644E-002     0.1279902840E-002    -0.1098405789E-005     0.4261724569E-009
   0.7553776812E-002     0.3571936974E-002    -0.8660899956E-005     0.9418968924E-008
   0.2097527808E-001     0.9790627703E-002    -0.6738050114E-004     0.2071733342E-006
   0.5669469102E-001     0.2548686859E-001    -0.5046637060E-003     0.4402336949E-005
   0.1421004681E+000     0.5694186025E-001    -0.3390940470E-002     0.8504460838E-004
   0.2890780474E+000     0.7549251790E-001    -0.1654196106E-001     0.1249626814E-002
   0.3374704026E+000    -0.4706256532E-001    -0.2603315512E-001     0.7991862963E-002
   0.1055427416E+000    -0.1214887896E+000     0.4171820647E-001    -0.4869689392E-002
   0.2329841975E-002    -0.5433510127E-002     0.5521501796E-002    -0.3768173673E-002
   0.6914058854E-007    -0.1893157830E-006     0.2506054463E-006    -0.2378968692E-006
   0.1406635024E-014    -0.8286099119E-015     0.9586992415E-015    -0.9540790779E-015
   0.1435126859E-014    -0.8593724709E-015     0.8913168110E-015    -0.8756883129E-015
   0.7819208940E-015    -0.1078737931E-014     0.8151751108E-015    -0.7231051948E-015
