   0.4768807904E+000     0.2268785282E+000    -0.6894034729E-004     0.9422407240E-008
   0.1341444800E+001     0.6372080200E+000    -0.5461813142E-003     0.2108442316E-006
   0.3760751842E+001     0.1778333662E+001    -0.4306645651E-002     0.4682113220E-005
   0.1044294648E+002     0.4874553950E+001    -0.3350591285E-001     0.1028812866E-003
   0.2822791151E+002     0.1269064531E+002    -0.2509705307E+000     0.2186376266E-002
   0.7076081839E+002     0.2836144528E+002    -0.1686698267E+001     0.4224322518E-001
   0.1440048374E+003     0.3764372129E+002    -0.8233680127E+001     0.6208574338E+000
   0.1682653584E+003    -0.2335437857E+002    -0.1299424124E+002     0.3964806203E+001
   0.5271522396E+002    -0.6060672634E+002     0.2078581828E+002    -0.2480734260E+001
   0.1388720956E+001    -0.8102021851E+001     0.5929429550E+001    -0.3032110119E+001
   0.2490836777E-003    -0.2500459278E+001     0.1816341464E+001    -0.9486160174E+000
   0.4570301582E-013    -0.8871372567E+000     0.6444161594E+000    -0.3365600602E+000
   0.1089654366E-039    -0.3147861158E+000     0.2286610794E+000    -0.1194231586E+000
   0.6638809707E-114    -0.1117545268E+000     0.8118094242E-001    -0.4239841778E-001
   0.1086237907E-317    -0.4004462258E-001     0.2910812982E-001    -0.1519490850E-001
   0.1395735450E-318    -0.4454512172E-002     0.3282549238E-002    -0.2070100583E-002
   0.1803339607E-319    -0.2075738036E-006     0.1656201603E-006    -0.1407132502E-006
   0.2099778995E-320    -0.1766234230E-014     0.1280107485E-014    -0.6670267516E-015
   0.2470328229E-321    -0.6643426441E-015     0.4784083491E-015    -0.2477877483E-015
   0.2470328229E-322    -0.9327558410E-015     0.5920330145E-015    -0.3040244484E-015
