1.000000000000000021e-03 4.564885658366945553e-07
2.000000000000000042e-03 4.564813694820718198e-07
3.000000000000000062e-03 4.565901364774825884e-07
4.000000000000000083e-03 4.565140828696270619e-07
5.000000000000000104e-03 4.564008367904466456e-07
6.000000000000000125e-03 4.566686533371645978e-07
7.000000000000000146e-03 4.567214030306672878e-07
8.000000000000000167e-03 4.566326837765022325e-07
8.999999999999999320e-03 4.565834176297848618e-07
1.000000000000000021e-02 4.564434684664161612e-07
2.000000000000000042e-02 4.566785790640781127e-07
2.999999999999999889e-02 4.566518959639090362e-07
4.000000000000000083e-02 4.567105953426048217e-07
5.000000000000000278e-02 4.565642739431682707e-07
5.999999999999999778e-02 4.566339690817223521e-07
7.000000000000000666e-02 4.566048856793740890e-07
8.000000000000000167e-02 4.565933076075444594e-07
8.999999999999999667e-02 4.566001494679609907e-07
1.000000000000000056e-01 4.565645628232237892e-07
2.000000000000000111e-01 4.565671548609719505e-07
2.999999999999999889e-01 4.565352287326213331e-07
4.000000000000000222e-01 4.565212956557685140e-07
5.000000000000000000e-01 4.565113366222368404e-07
5.999999999999999778e-01 4.565333076028980980e-07
6.999999999999999556e-01 4.565738979118653449e-07
8.000000000000000444e-01 4.566041700300907775e-07
9.000000000000000222e-01 4.565822513410891985e-07
1.000000000000000000e+00 4.565390381303907579e-07
2.000000000000000000e+00 4.566000374482412339e-07
3.000000000000000000e+00 4.564800704135333543e-07
4.000000000000000000e+00 4.567701580361825184e-07
5.000000000000000000e+00 4.569545427684047159e-07
6.000000000000000000e+00 4.567432006053798075e-07
7.000000000000000000e+00 4.567064442330832270e-07
8.000000000000000000e+00 4.566163067839045501e-07
9.000000000000000000e+00 4.566499947295694696e-07
1.000000000000000000e+01 4.566918381519864491e-07
2.000000000000000000e+01 4.569157754272204604e-07
3.000000000000000000e+01 4.569537053164692094e-07
4.000000000000000000e+01 4.573727592729858824e-07
5.000000000000000000e+01 4.577896434556974263e-07
6.000000000000000000e+01 4.583612506970766341e-07
7.000000000000000000e+01 4.589745677318561961e-07
8.000000000000000000e+01 4.598528413154503301e-07
9.000000000000000000e+01 4.606272643512247435e-07
5.000000000000000000e+02 5.819946300080422593e-07
