   0.4771460343E+000     0.2270047243E+000    -0.6897712183E-004
   0.1342190978E+001     0.6375625035E+000    -0.5464726701E-003
   0.3762844213E+001     0.1779323362E+001    -0.4308942891E-002
   0.1044876018E+002     0.4877269940E+001    -0.3352376452E-001
   0.2824365323E+002     0.1269774041E+002    -0.2511026769E+000
   0.7080045409E+002     0.2837747866E+002    -0.1687494081E+001
   0.1440857413E+003     0.3766628522E+002    -0.8233533489E+001
   0.1683477960E+003    -0.2335458063E+002    -0.1291159246E+002
   0.5274434996E+002    -0.6062836592E+002     0.2080180186E+002
   0.1363769911E+001    -0.7047047360E+001     0.5178379914E+001
   0.2116965363E-003    -0.2001219779E+001     0.1478918932E+001
   0.2559304844E-013    -0.7099879716E+000     0.5246882276E+000
   0.1882831595E-040    -0.2519313363E+000     0.1861797090E+000
   0.4177361965E-116    -0.8945787627E-001     0.6610987631E-001
   0.1087779392E-317    -0.3218234329E-001     0.2377864955E-001
   0.1368018367E-318    -0.3461557130E-002     0.2685912783E-002
   0.1715889988E-319    -0.1496691335E-006     0.1280220604E-006
   0.2099778995E-320    -0.1378369086E-014     0.1018815009E-014
   0.2470328229E-321    -0.4874523476E-015     0.3604519548E-015
   0.2470328229E-322    -0.3257139170E-015     0.2413516286E-015
