   0.1913006260E-005     0.9110065298E-006    -0.5527394085E-012
   0.5391564036E-005     0.2567547408E-005    -0.4390542299E-011
   0.1519533197E-004     0.7236190042E-005    -0.3487480477E-010
   0.4282499275E-004     0.2039322860E-004    -0.2770089512E-009
   0.1206871292E-003     0.5746698472E-004    -0.2200103548E-008
   0.3400623364E-003     0.1618929512E-003    -0.1747029663E-007
   0.9577890688E-003     0.4557125885E-003    -0.1386429129E-006
   0.2694364758E-002     0.1279902894E-002    -0.1098405789E-005
   0.7553777131E-002     0.3571937126E-002    -0.8660899951E-005
   0.2097527898E-001     0.9790628132E-002    -0.6738050081E-004
   0.5669469355E-001     0.2548686979E-001    -0.5046636860E-003
   0.1421004749E+000     0.5694186368E-001    -0.3390939384E-002
   0.2890780562E+000     0.7549252824E-001    -0.1654191610E-001
   0.3374702398E+000    -0.4706253230E-001    -0.2603234432E-001
   0.1055426796E+000    -0.1214890077E+000     0.4171681979E-001
   0.2329883989E-002    -0.5433529363E-002     0.5519487876E-002
   0.6912083645E-007    -0.1889967913E-006     0.2501280019E-006
   0.1408075331E-014    -0.8288023983E-015     0.9526839183E-015
   0.1440922536E-014    -0.8598043332E-015     0.8759373539E-015
   0.7796823170E-015    -0.1029788684E-014     0.7648136635E-015
