   0.1524617318E+000     0.9770257473E-002
   0.2053476503E+000     0.3634671116E-001
   0.2988633215E+000     0.5347569545E-001
   0.4278422184E+000     0.7123111726E-001
   0.5934786553E+000     0.8911360603E-001
   0.7923129972E+000     0.1035548532E+000
   0.1010776991E+001     0.1085310302E+000
   0.1220752873E+001     0.9617918067E-001
   0.1377844114E+001     0.5881581112E-001
   0.1426250647E+001    -0.6799855844E-002
   0.1314968000E+001    -0.9302980801E-001
   0.1027515902E+001    -0.1751185714E+000
   0.6181888079E+000    -0.2115554229E+000
   0.2296530471E+000    -0.1622923186E+000
   0.3550638578E-001    -0.9247303908E-001
   0.7397905763E-003    -0.4853408628E-002
   0.2210670392E-007    -0.1715637221E-006
   0.2924980595E-014    -0.9716731660E-015
   0.1315639879E-014    -0.7745114088E-015
   0.3161714482E-015    -0.7495807324E-015
