   0.1955940865E-005     0.9291660883E-006
   0.5499910823E-005     0.2614102084E-005
   0.1546854166E-004     0.7352596729E-005
   0.4350571700E-004     0.2067900615E-004
   0.1223547665E-003     0.5815312864E-004
   0.3440564222E-003     0.1634911128E-003
   0.9670608165E-003     0.4592739327E-003
   0.2714926332E-002     0.1287302638E-002
   0.7596198288E-002     0.3585502292E-002
   0.2105230833E-001     0.9809390854E-002
   0.5680114741E-001     0.2549286330E-001
   0.1421534709E+000     0.5688032500E-001
   0.2889035078E+000     0.7536256900E-001
   0.3372419985E+000    -0.4694095445E-001
   0.1056166508E+000    -0.1214658026E+000
   0.2338538101E-002    -0.5438972060E-002
   0.6988699565E-007    -0.1890609578E-006
   0.1001102848E-014    -0.9990780234E-015
   0.1000690143E-014    -0.9992743774E-015
   0.9995283221E-015    -0.9998272707E-015
