1.000000000000000021e-03 4.566915552397588411e-07
2.000000000000000042e-03 4.566814194586561080e-07
3.000000000000000062e-03 4.567530643708816422e-07
4.000000000000000083e-03 4.564959171784534872e-07
5.000000000000000104e-03 4.565623176191554558e-07
6.000000000000000125e-03 4.565972115957529936e-07
7.000000000000000146e-03 4.564870351722134163e-07
8.000000000000000167e-03 4.567109125333080282e-07
8.999999999999999320e-03 4.567380963440663987e-07
1.000000000000000021e-02 4.566302259647712173e-07
2.000000000000000042e-02 4.565567807148939274e-07
2.999999999999999889e-02 4.564276029353143752e-07
4.000000000000000083e-02 4.565188023166992757e-07
5.000000000000000278e-02 4.564634965567323381e-07
5.999999999999999778e-02 4.565620739252274380e-07
7.000000000000000666e-02 4.566058355861939583e-07
8.000000000000000167e-02 4.566089581994779953e-07
8.999999999999999667e-02 4.566075815229324364e-07
1.000000000000000056e-01 4.565506883660850486e-07
2.000000000000000111e-01 4.565435681728137891e-07
2.999999999999999889e-01 4.566020401778864886e-07
4.000000000000000222e-01 4.566339859573033323e-07
5.000000000000000000e-01 4.566189427684526904e-07
5.999999999999999778e-01 4.566062321581814975e-07
6.999999999999999556e-01 4.565753889413874165e-07
8.000000000000000444e-01 4.565959457199689592e-07
9.000000000000000222e-01 4.565787030683024965e-07
1.000000000000000000e+00 4.565690732159206001e-07
2.000000000000000000e+00 4.565793932951874331e-07
3.000000000000000000e+00 4.566608959902691617e-07
4.000000000000000000e+00 4.566823012032615097e-07
5.000000000000000000e+00 4.564967431923706937e-07
6.000000000000000000e+00 4.566645706139710065e-07
7.000000000000000000e+00 4.566482352399002772e-07
8.000000000000000000e+00 4.567030964704566714e-07
9.000000000000000000e+00 4.567374443326882752e-07
1.000000000000000000e+01 4.567625882244579999e-07
2.000000000000000000e+01 4.570101139642235293e-07
3.000000000000000000e+01 4.570778775445842582e-07
4.000000000000000000e+01 4.572712438101978934e-07
5.000000000000000000e+01 4.579581086976731643e-07
6.000000000000000000e+01 4.583582397722282391e-07
7.000000000000000000e+01 4.591237743792699372e-07
8.000000000000000000e+01 4.598988911462168218e-07
9.000000000000000000e+01 4.605949788434903666e-07
5.000000000000000000e+02 5.818546783846243350e-07
