   0.1956047677E-005     0.9292101979E-006    -0.2028880572E-009    -0.2030019952E-012
   0.5500174596E-005     0.2614212758E-005    -0.8193534129E-009     0.7418536861E-010
   0.1546919056E-004     0.7352865154E-005    -0.2416098669E-008     0.2353152031E-009
   0.4350728371E-004     0.2067963855E-004    -0.7010990426E-008     0.6718956268E-009
   0.1223584465E-003     0.5815456134E-004    -0.2116185389E-007     0.1895058877E-008
   0.3440647290E-003     0.1634941677E-003    -0.7079297767E-007     0.5337399302E-008
   0.9670784482E-003     0.4592797831E-003    -0.2882376638E-006     0.1504419611E-007
   0.2714959988E-002     0.1287311406E-002    -0.1515350872E-005     0.4272479714E-007
   0.7596249760E-002     0.3585505624E-002    -0.9801492118E-005     0.1284739570E-006
   0.2105234472E-001     0.9809342726E-002    -0.7033463047E-004     0.5412607413E-006
   0.5680104274E-001     0.2549258646E-001    -0.5110960196E-003     0.5320351218E-005
   0.1421532231E+000     0.5687930581E-001    -0.3397197577E-002     0.8720672475E-004
   0.2889054456E+000     0.7536013623E-001    -0.1651451767E-001     0.1250144050E-002
   0.3372516599E+000    -0.4694134092E-001    -0.2599364724E-001     0.7972621096E-002
   0.1056137977E+000    -0.1214461458E+000     0.4164361762E-001    -0.4841586518E-002
   0.2338251956E-002    -0.5437437920E-002     0.5533996407E-002    -0.3775534784E-002
   0.6988174050E-007    -0.1890380741E-006     0.2521018170E-006    -0.2392941152E-006
   0.1001213800E-014    -0.9988132509E-015     0.9992749864E-015    -0.9992748818E-015
   0.1000759586E-014    -0.9990293530E-015     0.9992750219E-015    -0.9992748854E-015
   0.9994808651E-015    -0.9996378174E-015     0.9992751787E-015    -0.9992749522E-015
