   0.1909187545E-005     0.9091879940E-006    -0.5510845026E-012     0.1000000000E-014
   0.5380801497E-005     0.2562422132E-005    -0.4377397006E-011     0.1000000000E-014
   0.1516499950E-004     0.7221745476E-005    -0.3477039005E-010     0.1000000000E-014
   0.4273950803E-004     0.2035252165E-004    -0.2761796012E-009     0.1686433281E-014
   0.1204462308E-003     0.5735228373E-004    -0.2193516812E-008     0.3775077107E-013
   0.3393836325E-003     0.1615698926E-003    -0.1741799926E-007     0.8448884462E-012
   0.9558781274E-003     0.4548037726E-003    -0.1382280129E-006     0.1889913595E-010
   0.2688994107E-002     0.1277354872E-002    -0.1095121582E-005     0.4221184426E-009
   0.7538760032E-002     0.3564861290E-002    -0.8635067680E-005     0.9388451428E-008
   0.2093389046E-001     0.9771507157E-002    -0.6718092769E-004     0.2063406582E-006
   0.5658518341E-001     0.2543915278E-001    -0.5031986571E-003     0.4385108346E-005
   0.1418425079E+000     0.5684927144E-001    -0.3381670936E-002     0.8472456075E-004
   0.2886452998E+000     0.7544250716E-001    -0.1650524218E-001     0.1245464238E-002
   0.3372430982E+000    -0.4682118228E-001    -0.2603423198E-001     0.7976477752E-002
   0.1056637720E+000    -0.1214853488E+000     0.4164301706E-001    -0.4833666901E-002
   0.2339641577E-002    -0.5439376223E-002     0.5536429606E-002    -0.3777010384E-002
   0.6991997535E-007    -0.1890730350E-006     0.2521819330E-006    -0.2393625731E-006
   0.1000000000E-014    -0.1000000000E-014     0.1000000000E-014    -0.1000000000E-014
   0.1000000000E-014    -0.1000000000E-014     0.1000000000E-014    -0.1000000000E-014
   0.1000000000E-014    -0.1000000000E-014     0.1000000000E-014    -0.1000000000E-014
