   0.1690085634E+000     0.9952350342E-002     0.7125090666E-002    -0.4123412072E-002
   0.2260284229E+000     0.3912598367E-001    -0.3426708935E-002     0.2828987496E-003
   0.3271262829E+000     0.5716101853E-001    -0.6658761717E-002     0.1067961342E-002
   0.4656719346E+000     0.7549849485E-001    -0.9620917711E-002     0.1644654816E-002
   0.6422214600E+000     0.9353471290E-001    -0.1293850645E-001     0.2287051493E-002
   0.8522682560E+000     0.1074169846E+000    -0.1640354361E-001     0.3005977122E-002
   0.1080543633E+001     0.1108261469E+000    -0.1932305193E-001     0.3709333400E-002
   0.1296643311E+001     0.9575912867E-001    -0.2050374928E-001     0.4205300319E-002
   0.1453741178E+001     0.5477196455E-001    -0.1830872592E-001     0.4194489811E-002
   0.1494360038E+001    -0.1453851945E-001    -0.1101781193E-001     0.3300898550E-002
   0.1367776285E+001    -0.1030723737E+000     0.2290060269E-002     0.1189648903E-002
   0.1060677563E+001    -0.1844496744E+000     0.2024486362E-001    -0.2184033484E-002
   0.6329919708E+000    -0.2164949838E+000     0.3749147190E-001    -0.6199326391E-002
   0.2329154492E+000    -0.1603594146E+000     0.4386335000E-001    -0.9306044852E-002
   0.3005379720E-001    -0.4386932714E-001     0.2377179317E-001    -0.8411755609E-002
   0.5624125953E-003    -0.3178297853E-002     0.2780853220E-002    -0.1992689933E-002
   0.1857431126E-007    -0.1464350755E-006     0.1581919956E-006    -0.1550018146E-006
   0.3017362527E-014    -0.9374603864E-015     0.2845918098E-015    -0.1855654838E-015
   0.1325144143E-014    -0.7088356637E-015     0.2719319619E-015    -0.1860682961E-015
   0.2789545258E-015    -0.5031695621E-015     0.3001471143E-015    -0.2467588756E-015
