1.000000000000000021e-03 4.564467457337583700e-07
2.000000000000000042e-03 4.565075771847465164e-07
3.000000000000000062e-03 4.565812196102380090e-07
4.000000000000000083e-03 4.567262327228675298e-07
5.000000000000000104e-03 4.565094585686853696e-07
6.000000000000000125e-03 4.565274855930035921e-07
7.000000000000000146e-03 4.566741812486270912e-07
8.000000000000000167e-03 4.566020034293505311e-07
8.999999999999999320e-03 4.564983570045747328e-07
1.000000000000000021e-02 4.565179395623728105e-07
2.000000000000000042e-02 4.565684433857230097e-07
2.999999999999999889e-02 4.566200916269671513e-07
4.000000000000000083e-02 4.566341791359090821e-07
5.000000000000000278e-02 4.565728517483011296e-07
5.999999999999999778e-02 4.565549212023689880e-07
7.000000000000000666e-02 4.565037021733557485e-07
8.000000000000000167e-02 4.565091042965539459e-07
8.999999999999999667e-02 4.565489439836637812e-07
1.000000000000000056e-01 4.565730593600312455e-07
2.000000000000000111e-01 4.566217325366841564e-07
2.999999999999999889e-01 4.564865481175267262e-07
4.000000000000000222e-01 4.565228428625756316e-07
5.000000000000000000e-01 4.565812258277709147e-07
5.999999999999999778e-01 4.566175826342960552e-07
6.999999999999999556e-01 4.565594292633637720e-07
8.000000000000000444e-01 4.565071767278118714e-07
9.000000000000000222e-01 4.565467732761588290e-07
1.000000000000000000e+00 4.566115634494745551e-07
2.000000000000000000e+00 4.565409094124400875e-07
3.000000000000000000e+00 4.566813420795354224e-07
4.000000000000000000e+00 4.567664931899781779e-07
5.000000000000000000e+00 4.565579311359725766e-07
6.000000000000000000e+00 4.566111249216534907e-07
7.000000000000000000e+00 4.567853953009913319e-07
8.000000000000000000e+00 4.567687304131845034e-07
9.000000000000000000e+00 4.567684057883113999e-07
1.000000000000000000e+01 4.567589626801485722e-07
2.000000000000000000e+01 4.569539708740342669e-07
3.000000000000000000e+01 4.570941172208624423e-07
4.000000000000000000e+01 4.574400525551002117e-07
5.000000000000000000e+01 4.579122964547254219e-07
6.000000000000000000e+01 4.584579453495416458e-07
7.000000000000000000e+01 4.590689593377369471e-07
8.000000000000000000e+01 4.598437123955781364e-07
9.000000000000000000e+01 4.606521708726177056e-07
5.000000000000000000e+02 5.818223267036725928e-07
