   0.4681882795E+000     0.2227431563E+000
   0.1316994724E+001     0.6255948310E+000
   0.3692217601E+001     0.1745933841E+001
   0.1025272221E+002     0.4785820435E+001
   0.2771418292E+002     0.1246011025E+002
   0.6947306820E+002     0.2784776041E+002
   0.1413455695E+003     0.3695305710E+002
   0.1649661064E+003    -0.2290065231E+002
   0.5284703735E+002    -0.6030822223E+002
   0.1898433644E+001    -0.2912643716E+002
   0.7415118169E-003    -0.1064410746E+002
   0.1204285749E-011    -0.3776934165E+001
   0.1339944320E-035    -0.1340558343E+001
   0.2718454088E-102    -0.4772729547E+000
   0.1908972820E-289    -0.1700156516E+000
   0.1375577571E-318    -0.6515996067E-002
   0.1715889988E-319    -0.2212478032E-006
   0.2099778995E-320    -0.7340166516E-014
   0.2470328229E-321    -0.2592122920E-014
   0.2470328229E-322    -0.1460165617E-014
