   0.1909187545E-005     0.9091879940E-006
   0.5391533628E-005     0.2559430783E-005
   0.1519524243E-004     0.7233274352E-005
   0.4282474038E-004     0.2039208904E-004
   0.1206864179E-003     0.5746628433E-004
   0.3400603317E-003     0.1618918683E-003
   0.9577834187E-003     0.4557098523E-003
   0.2694348833E-002     0.1279895295E-002
   0.7553732245E-002     0.3571915744E-002
   0.2097515237E-001     0.9790567810E-002
   0.5669433427E-001     0.2548669821E-001
   0.1420994163E+000     0.5694135021E-001
   0.2890744437E+000     0.7549067892E-001
   0.3374574312E+000    -0.4706919817E-001
   0.1055448953E+000    -0.1215397056E+000
   0.2330890602E-002    -0.5443403089E-002
   0.6918525896E-007    -0.1894111260E-006
   0.1393194768E-014    -0.8337805782E-015
   0.1420357428E-014    -0.8630302039E-015
   0.7892704060E-015    -0.1096970427E-014
