   0.1692409932E+000     0.9969394044E-002     0.7084770569E-002
   0.2263196716E+000     0.3917399883E-001    -0.3442256655E-002
   0.3275160549E+000     0.5723412119E-001    -0.6710523844E-002
   0.4661805516E+000     0.7558954423E-001    -0.9703244512E-002
   0.6428547783E+000     0.9363839313E-001    -0.1305749317E-001
   0.8530109297E+000     0.1075240935E+000    -0.1656774427E-001
   0.1081349982E+001     0.1109222395E+000    -0.1953906580E-001
   0.1297432219E+001     0.9582594093E-001    -0.2077136623E-001
   0.1454402842E+001     0.5479222815E-001    -0.1861423744E-001
   0.1494783046E+001    -0.1457294997E-001    -0.1132596255E-001
   0.1367898329E+001    -0.1031521366E+000     0.2042819843E-002
   0.1060546598E+001    -0.1845472578E+000     0.2014928823E-001
   0.6327954266E+000    -0.2165839493E+000     0.3763973473E-001
   0.2328946630E+000    -0.1604751082E+000     0.4432839220E-001
   0.3013698241E-001    -0.4415967792E-001     0.2491545940E-001
   0.5440716102E-003    -0.2961778889E-002     0.2820062201E-002
   0.1695382467E-007    -0.1265481133E-006     0.1495058056E-006
   0.3044836509E-014    -0.9439413305E-015     0.3282029323E-015
   0.1349357274E-014    -0.7216563333E-015     0.3168897026E-015
   0.2662285625E-015    -0.3707680779E-015     0.2723483857E-015
