   0.1956049704E-005     0.9292111156E-006    -0.2028922797E-009
   0.5500180043E-005     0.2614215248E-005    -0.8193742254E-009
   0.1546920522E-004     0.7352871858E-005    -0.2416162557E-008
   0.4350732315E-004     0.2067965655E-004    -0.7011172151E-008
   0.1223585524E-003     0.5815460955E-004    -0.2116236580E-007
   0.3440650124E-003     0.1634942964E-003    -0.7079441757E-007
   0.9670792051E-003     0.4592801261E-003    -0.2882417116E-006
   0.2714962003E-002     0.1287312317E-002    -0.1515362263E-005
   0.7596255109E-002     0.3585508035E-002    -0.9801524842E-005
   0.2105235887E-001     0.9809349094E-002    -0.7033474217E-004
   0.5680107976E-001     0.2549260330E-001    -0.5110967852E-003
   0.1421533143E+000     0.5687935090E-001    -0.3397208561E-002
   0.2889055904E+000     0.7536025984E-001    -0.1651467262E-001
   0.3372514358E+000    -0.4694107340E-001    -0.2599463536E-001
   0.1056137933E+000    -0.1214463751E+000     0.4164421757E-001
   0.2338273604E-002    -0.5437520054E-002     0.5534281684E-002
   0.6988051268E-007    -0.1890286095E-006     0.2521014725E-006
   0.1001189711E-014    -0.9988719173E-015     0.9993989439E-015
   0.1000744535E-014    -0.9990837191E-015     0.9993989787E-015
   0.9994911602E-015    -0.9996800395E-015     0.9993990767E-015
